[38;2;245;245;245;48;2;245;245;245m▀▀▀▀▀▀▀▀▀▀▀▀▀▀▀▀▀▀▀▀▀▀▀▀▀▀[0m
[38;2;245;245;245;48;2;245;245;245m▀▀▀[38;2;245;245;245;48;2;16;16;16m▀[38;2;245;245;245;48;2;245;245;245m▀▀▀▀▀▀▀▀▀▀▀▀▀▀▀▀▀▀[38;2;245;245;245;48;2;16;16;16m▀[38;2;245;245;245;48;2;245;245;245m▀▀▀[0m
[38;2;245;245;245;48;2;245;245;245m▀▀[38;2;16;16;16;48;2;16;16;16m▀▀[38;2;245;245;245;48;2;16;16;16m▀[38;2;245;245;245;48;2;245;245;245m▀▀▀▀▀▀▀[38;2;245;245;245;48;2;16;16;16m▀▀[38;2;245;245;245;48;2;245;245;245m▀▀▀▀▀▀▀[38;2;16;16;16;48;2;16;16;16m▀▀[38;2;245;245;245;48;2;16;16;16m▀[38;2;245;245;245;48;2;245;245;245m▀▀[0m
[38;2;245;245;245;48;2;245;245;245m▀▀[38;2;16;16;16;48;2;16;16;16m▀▀▀[38;2;245;245;245;48;2;16;16;16m▀[38;2;245;245;245;48;2;245;245;245m▀▀▀▀[38;2;245;245;245;48;2;16;16;16m▀[38;2;16;16;16;48;2;16;16;16m▀▀▀▀[38;2;245;245;245;48;2;16;16;16m▀[38;2;245;245;245;48;2;245;245;245m▀▀▀[38;2;245;245;245;48;2;16;16;16m▀[38;2;16;16;16;48;2;16;16;16m▀▀▀▀[38;2;245;245;245;48;2;245;245;245m▀▀[0m
[38;2;245;245;245;48;2;245;245;245m▀▀[38;2;16;16;16;48;2;16;16;16m▀▀[38;2;245;245;245;48;2;16;16;16m▀[38;2;16;16;16;48;2;245;245;245m▀▀[38;2;16;16;16;48;2;16;16;16m▀▀▀▀▀▀[38;2;16;16;16;48;2;245;245;245m▀[38;2;245;245;245;48;2;245;245;245m▀[38;2;16;16;16;48;2;245;245;245m▀[38;2;16;16;16;48;2;16;16;16m▀▀[38;2;16;16;16;48;2;245;245;245m▀▀[38;2;245;245;245;48;2;245;245;245m▀[38;2;16;16;16;48;2;16;16;16m▀▀[38;2;16;16;16;48;2;245;245;245m▀[38;2;245;245;245;48;2;245;245;245m▀▀[0m
[38;2;245;245;245;48;2;245;245;245m▀▀▀[38;2;16;16;16;48;2;245;245;245m▀[38;2;16;16;16;48;2;16;16;16m▀▀[38;2;245;245;245;48;2;16;16;16m▀[38;2;16;16;16;48;2;16;16;16m▀▀▀▀▀▀[38;2;245;245;245;48;2;245;245;245m▀▀▀▀[38;2;16;16;16;48;2;16;16;16m▀[38;2;245;245;245;48;2;16;16;16m▀▀[38;2;16;16;16;48;2;16;16;16m▀▀[38;2;16;16;16;48;2;245;245;245m▀[38;2;245;245;245;48;2;245;245;245m▀▀▀[0m
[38;2;245;245;245;48;2;245;245;245m▀▀▀▀▀[38;2;16;16;16;48;2;16;16;16m▀▀▀▀▀▀▀[38;2;245;245;245;48;2;245;245;245m▀▀[38;2;245;245;245;48;2;16;16;16m▀[38;2;245;245;245;48;2;245;245;245m▀▀▀[38;2;16;16;16;48;2;16;16;16m▀▀[38;2;16;16;16;48;2;245;245;245m▀[38;2;245;245;245;48;2;245;245;245m▀▀▀▀▀[0m
[38;2;245;245;245;48;2;245;245;245m▀▀▀▀▀[38;2;16;16;16;48;2;16;16;16m▀▀▀▀[38;2;16;16;16;48;2;245;245;245m▀[38;2;245;245;245;48;2;245;245;245m▀[38;2;16;16;16;48;2;16;16;16m▀[38;2;245;245;245;48;2;245;245;245m▀[38;2;16;16;16;48;2;16;16;16m▀▀[38;2;16;16;16;48;2;245;245;245m▀[38;2;16;16;16;48;2;16;16;16m▀▀▀▀[38;2;245;245;245;48;2;245;245;245m▀▀▀▀▀▀[0m
[38;2;245;245;245;48;2;245;245;245m▀▀▀▀[38;2;245;245;245;48;2;16;16;16m▀[38;2;16;16;16;48;2;16;16;16m▀▀▀[38;2;16;16;16;48;2;245;245;245m▀▀[38;2;16;16;16;48;2;16;16;16m▀▀▀[38;2;16;16;16;48;2;245;245;245m▀▀▀▀[38;2;16;16;16;48;2;16;16;16m▀▀▀▀[38;2;245;245;245;48;2;245;245;245m▀▀▀▀▀[0m
[38;2;245;245;245;48;2;245;245;245m▀▀▀▀[38;2;16;16;16;48;2;245;245;245m▀[38;2;16;16;16;48;2;16;16;16m▀▀▀▀[38;2;245;245;245;48;2;16;16;16m▀▀[38;2;16;16;16;48;2;16;16;16m▀▀[38;2;245;245;245;48;2;16;16;16m▀▀▀[38;2;16;16;16;48;2;16;16;16m▀▀▀▀▀[38;2;16;16;16;48;2;245;245;245m▀[38;2;245;245;245;48;2;245;245;245m▀▀▀▀[0m
[38;2;245;245;245;48;2;245;245;245m▀▀▀▀[38;2;16;16;16;48;2;16;16;16m▀▀▀▀▀▀▀[38;2;245;245;245;48;2;16;16;16m▀▀[38;2;245;245;245;48;2;245;245;245m▀[38;2;16;16;16;48;2;245;245;245m▀[38;2;16;16;16;48;2;16;16;16m▀[38;2;16;16;16;48;2;245;245;245m▀[38;2;16;16;16;48;2;16;16;16m▀▀▀▀[38;2;245;245;245;48;2;245;245;245m▀▀▀▀▀[0m
[38;2;245;245;245;48;2;245;245;245m▀▀▀▀[38;2;16;16;16;48;2;245;245;245m▀▀[38;2;16;16;16;48;2;16;16;16m▀▀▀▀▀▀▀[38;2;245;245;245;48;2;245;245;245m▀[38;2;245;245;245;48;2;16;16;16m▀[38;2;245;245;245;48;2;245;245;245m▀▀[38;2;16;16;16;48;2;16;16;16m▀▀[38;2;16;16;16;48;2;245;245;245m▀▀[38;2;245;245;245;48;2;245;245;245m▀▀▀▀▀[0m
[38;2;245;245;245;48;2;245;245;245m▀▀▀▀▀[38;2;16;16;16;48;2;16;16;16m▀▀▀▀▀▀▀▀[38;2;245;245;245;48;2;16;16;16m▀[38;2;16;16;16;48;2;16;16;16m▀▀[38;2;16;16;16;48;2;245;245;245m▀▀[38;2;16;16;16;48;2;16;16;16m▀▀[38;2;245;245;245;48;2;245;245;245m▀▀▀▀▀▀[0m
[38;2;245;245;245;48;2;245;245;245m▀▀▀▀▀▀[38;2;16;16;16;48;2;245;245;245m▀[38;2;16;16;16;48;2;16;16;16m▀▀▀▀▀[38;2;16;16;16;48;2;245;245;245m▀[38;2;245;245;245;48;2;245;245;245m▀▀[38;2;245;245;245;48;2;16;16;16m▀▀[38;2;16;16;16;48;2;16;16;16m▀[38;2;16;16;16;48;2;245;245;245m▀▀[38;2;245;245;245;48;2;245;245;245m▀▀▀▀▀▀[0m
[38;2;245;245;245;48;2;245;245;245m▀▀▀▀▀▀▀▀[38;2;16;16;16;48;2;245;245;245m▀▀▀▀▀▀▀▀[38;2;245;245;245;48;2;245;245;245m▀▀▀▀▀▀▀▀▀▀[0m
[38;2;245;245;245;48;2;245;245;245m▀▀▀▀▀▀▀▀▀▀▀▀▀▀▀▀▀▀▀▀▀▀▀▀▀▀[0m
